<experimental_variograms>
  <variogram> 
    <title>variogram - Omni-directional</title>
    <direction>6.12323e-017 1 -0 </direction>
    <x>1 2 3 4 5 6 7 8 9 10 11 12 13 14 15 16 17 18 19 20 </x>
    <y>0.748381 1.30518 1.12984 0.954488 1.05163 0.809841 0.498488 0.814052 0.904378 0.973172 1.76264 0.800623 0.131469 0.166252 -9e+099 -9e+099 -9e+099 -9e+099 -9e+099 -9e+099 </y>
    <pairs>370 155 135 115 95 75 55 35 15 169 162 68 30 12 0 0 0 0 0 0     </pairs>
  </variogram>
  <variogram> 
    <title>variogram - azth=0, dip=90</title>
    <direction>3.7494e-033 6.12323e-017 -1 </direction>
    <x>1 2 3 4 5 6 7 8 9 10 11 12 13 14 15 16 17 18 19 20 </x>
    <y>0.748381 1.30518 1.12984 0.954488 1.05163 0.809841 0.498488 0.814052 0.904378 -9e+099 -9e+099 -9e+099 -9e+099 -9e+099 -9e+099 -9e+099 -9e+099 -9e+099 -9e+099 -9e+099 </y>
    <pairs>370 155 135 115 95 75 55 35 15 0 0 0 0 0 0 0 0 0 0 0     </pairs>
  </variogram>
</experimental_variograms>
